{
    "asset": {
        "version": "2.0",
        "generator": "Open Asset Import Library (assimp v5.4.0)"
    },
    "extensionsUsed": [
        "KHR_materials_volume",
        "FB_ngon_encoding"
    ],
    "accessors": [
        {
            "bufferView": 0,
            "byteOffset": 0,
            "componentType": 5126,
            "count": 16713,
            "type": "VEC3",
            "max": [
                0.042687997221946716,
                0.13643400371074677,
                0.027584001421928406
            ],
            "min": [
                -0.042687997221946716,
                -0.004250659141689539,
                -0.007504995446652174
            ]
        },
        {
            "bufferView": 1,
            "byteOffset": 0,
            "componentType": 5126,
            "count": 16713,
            "type": "VEC3",
            "max": [
                0.9999586343765259,
                0.9999205470085144,
                0.9999963641166687
            ],
            "min": [
                -0.9999586343765259,
                -0.9999639391899109,
                -0.9997979998588562
            ]
        },
        {
            "bufferView": 2,
            "byteOffset": 0,
            "componentType": 5126,
            "count": 16713,
            "type": "VEC2",
            "max": [
                1.3242239952087402,
                0.9904000163078308
            ],
            "min": [
                0.009200000204145908,
                -0.07695996761322021
            ]
        },
        {
            "bufferView": 3,
            "byteOffset": 0,
            "componentType": 5125,
            "count": 88068,
            "type": "SCALAR",
            "max": [
                16712
            ],
            "min": [
                0
            ]
        },
        {
            "bufferView": 4,
            "byteOffset": 0,
            "componentType": 5123,
            "count": 16713,
            "type": "VEC4",
            "max": [
                53,
                53,
                53,
                51
            ],
            "min": [
                0,
                0,
                0,
                0
            ]
        },
        {
            "bufferView": 5,
            "byteOffset": 0,
            "componentType": 5126,
            "count": 16713,
            "type": "VEC4",
            "max": [
                1.0,
                0.49977394938468933,
                0.30595508217811584,
                0.220048725605011
            ],
            "min": [
                0.28490516543388367,
                0.0,
                0.0,
                0.0
            ]
        },
        {
            "bufferView": 6,
            "byteOffset": 0,
            "componentType": 5126,
            "count": 3720,
            "type": "VEC3",
            "max": [
                0.02671578899025917,
                0.14132475852966309,
                0.017443818971514702
            ],
            "min": [
                -0.02671578712761402,
                -0.005776599515229464,
                -0.011912574991583824
            ]
        },
        {
            "bufferView": 7,
            "byteOffset": 0,
            "componentType": 5126,
            "count": 3720,
            "type": "VEC3",
            "max": [
                1.0,
                0.9984800815582275,
                0.9999505281448364
            ],
            "min": [
                -0.9999841451644897,
                -0.9999551177024841,
                -0.999999463558197
            ]
        },
        {
            "bufferView": 8,
            "byteOffset": 0,
            "componentType": 5126,
            "count": 3720,
            "type": "VEC2",
            "max": [
                0.9688739776611328,
                1.0
            ],
            "min": [
                0.0,
                0.020408987998962402
            ]
        },
        {
            "bufferView": 9,
            "byteOffset": 0,
            "componentType": 5125,
            "count": 19191,
            "type": "SCALAR",
            "max": [
                3719
            ],
            "min": [
                0
            ]
        },
        {
            "bufferView": 10,
            "byteOffset": 0,
            "componentType": 5123,
            "count": 3720,
            "type": "VEC4",
            "max": [
                53,
                53,
                54,
                55
            ],
            "min": [
                0,
                0,
                0,
                0
            ]
        },
        {
            "bufferView": 11,
            "byteOffset": 0,
            "componentType": 5126,
            "count": 3720,
            "type": "VEC4",
            "max": [
                1.0,
                0.4997390806674957,
                0.30169305205345154,
                0.18929670751094818
            ],
            "min": [
                0.2907242476940155,
                0.0,
                0.0,
                0.0
            ]
        },
        {
            "bufferView": 12,
            "byteOffset": 0,
            "componentType": 5126,
            "count": 3720,
            "type": "VEC3",
            "max": [
                0.2671579122543335,
                1.4132475852966309,
                0.1744382083415985
            ],
            "min": [
                -0.2671578824520111,
                -0.05776597559452057,
                -0.11912589520215988
            ]
        },
        {
            "bufferView": 13,
            "byteOffset": 0,
            "componentType": 5126,
            "count": 3720,
            "type": "VEC3",
            "max": [
                1.0,
                0.9984800815582275,
                0.9999505281448364
            ],
            "min": [
                -0.9999841451644897,
                -0.9999550580978394,
                -0.9999994039535522
            ]
        },
        {
            "bufferView": 14,
            "byteOffset": 0,
            "componentType": 5126,
            "count": 3720,
            "type": "VEC2",
            "max": [
                0.9688739776611328,
                1.0
            ],
            "min": [
                0.0,
                0.020408987998962402
            ]
        },
        {
            "bufferView": 15,
            "byteOffset": 0,
            "componentType": 5125,
            "count": 19191,
            "type": "SCALAR",
            "max": [
                3719
            ],
            "min": [
                0
            ]
        },
        {
            "bufferView": 16,
            "byteOffset": 0,
            "componentType": 5123,
            "count": 3720,
            "type": "VEC4",
            "max": [
                76,
                76,
                76,
                77
            ],
            "min": [
                56,
                0,
                0,
                0
            ]
        },
        {
            "bufferView": 17,
            "byteOffset": 0,
            "componentType": 5126,
            "count": 3720,
            "type": "VEC4",
            "max": [
                1.0,
                0.4997390806674957,
                0.30169305205345154,
                0.18929670751094818
            ],
            "min": [
                0.2907242774963379,
                0.0,
                0.0,
                0.0
            ]
        },
        {
            "bufferView": 18,
            "byteOffset": 0,
            "componentType": 5126,
            "count": 16713,
            "type": "VEC3",
            "max": [
                0.42688000202178955,
                1.36434006690979,
                0.2758398652076721
            ],
            "min": [
                -0.42687997221946716,
                -0.042506564408540726,
                -0.07505011558532715
            ]
        },
        {
            "bufferView": 19,
            "byteOffset": 0,
            "componentType": 5126,
            "count": 16713,
            "type": "VEC3",
            "max": [
                0.9999586343765259,
                0.9999206066131592,
                0.9999963641166687
            ],
            "min": [
                -0.9999586343765259,
                -0.9999639391899109,
                -0.9997979998588562
            ]
        },
        {
            "bufferView": 20,
            "byteOffset": 0,
            "componentType": 5126,
            "count": 16713,
            "type": "VEC2",
            "max": [
                1.3242239952087402,
                0.9904000163078308
            ],
            "min": [
                0.009200000204145908,
                -0.07695996761322021
            ]
        },
        {
            "bufferView": 21,
            "byteOffset": 0,
            "componentType": 5125,
            "count": 88068,
            "type": "SCALAR",
            "max": [
                16712
            ],
            "min": [
                0
            ]
        },
        {
            "bufferView": 22,
            "byteOffset": 0,
            "componentType": 5123,
            "count": 16713,
            "type": "VEC4",
            "max": [
                111,
                111,
                111,
                109
            ],
            "min": [
                56,
                0,
                0,
                0
            ]
        },
        {
            "bufferView": 23,
            "byteOffset": 0,
            "componentType": 5126,
            "count": 16713,
            "type": "VEC4",
            "max": [
                1.0,
                0.49977394938468933,
                0.30595508217811584,
                0.220048725605011
            ],
            "min": [
                0.28490516543388367,
                0.0,
                0.0,
                0.0
            ]
        },
        {
            "bufferView": 24,
            "byteOffset": 0,
            "componentType": 5126,
            "count": 112,
            "type": "MAT4",
            "max": [
                100.00000762939453,
                93.61454010009766,
                94.61424255371094,
                0.0,
                76.62703704833984,
                100.0000228881836,
                99.99653625488281,
                0.0,
                99.9100341796875,
                99.99835968017578,
                100.00000762939453,
                0.0,
                4.438922882080078,
                7.065810203552246,
                10.416862487792969,
                1.0
            ],
            "min": [
                -99.99768829345703,
                -93.61454772949219,
                -94.60132598876953,
                0.0,
                -76.8468246459961,
                -99.3011474609375,
                -93.52708435058594,
                0.0,
                -99.9009780883789,
                -10.381759643554688,
                -58.634910583496094,
                0.0,
                -4.437030792236328,
                -14.106575965881348,
                -1.0105388164520264,
                1.0
            ]
        }
    ],
    "buffers": [
        {
            "byteLength": 3480664,
            "uri": "david_0.bin"
        }
    ],
    "bufferViews": [
        {
            "buffer": 0,
            "byteOffset": 0,
            "byteLength": 200556,
            "target": 34962
        },
        {
            "buffer": 0,
            "byteOffset": 200556,
            "byteLength": 200556,
            "target": 34962
        },
        {
            "buffer": 0,
            "byteOffset": 401112,
            "byteLength": 133704,
            "target": 34962
        },
        {
            "buffer": 0,
            "byteOffset": 534816,
            "byteLength": 352272,
            "target": 34963
        },
        {
            "buffer": 0,
            "byteOffset": 887088,
            "byteLength": 133704
        },
        {
            "buffer": 0,
            "byteOffset": 1154496,
            "byteLength": 267408
        },
        {
            "buffer": 0,
            "byteOffset": 1421904,
            "byteLength": 44640,
            "target": 34962
        },
        {
            "buffer": 0,
            "byteOffset": 1466544,
            "byteLength": 44640,
            "target": 34962
        },
        {
            "buffer": 0,
            "byteOffset": 1511184,
            "byteLength": 29760,
            "target": 34962
        },
        {
            "buffer": 0,
            "byteOffset": 1540944,
            "byteLength": 76764,
            "target": 34963
        },
        {
            "buffer": 0,
            "byteOffset": 1617708,
            "byteLength": 29760
        },
        {
            "buffer": 0,
            "byteOffset": 1677228,
            "byteLength": 59520
        },
        {
            "buffer": 0,
            "byteOffset": 1736748,
            "byteLength": 44640,
            "target": 34962
        },
        {
            "buffer": 0,
            "byteOffset": 1781388,
            "byteLength": 44640,
            "target": 34962
        },
        {
            "buffer": 0,
            "byteOffset": 1826028,
            "byteLength": 29760,
            "target": 34962
        },
        {
            "buffer": 0,
            "byteOffset": 1855788,
            "byteLength": 76764,
            "target": 34963
        },
        {
            "buffer": 0,
            "byteOffset": 1932552,
            "byteLength": 29760
        },
        {
            "buffer": 0,
            "byteOffset": 1992072,
            "byteLength": 59520
        },
        {
            "buffer": 0,
            "byteOffset": 2051592,
            "byteLength": 200556,
            "target": 34962
        },
        {
            "buffer": 0,
            "byteOffset": 2252148,
            "byteLength": 200556,
            "target": 34962
        },
        {
            "buffer": 0,
            "byteOffset": 2452704,
            "byteLength": 133704,
            "target": 34962
        },
        {
            "buffer": 0,
            "byteOffset": 2586408,
            "byteLength": 352272,
            "target": 34963
        },
        {
            "buffer": 0,
            "byteOffset": 2938680,
            "byteLength": 133704
        },
        {
            "buffer": 0,
            "byteOffset": 3206088,
            "byteLength": 267408
        },
        {
            "buffer": 0,
            "byteOffset": 3473496,
            "byteLength": 7168
        }
    ],
    "images": [
        {
            "uri": "textures/image_0.png"
        },
        {
            "uri": "textures/image_1.png"
        }
    ],
    "materials": [
        {
            "name": "Mat_1"
        },
        {
            "name": "Material_003",
            "pbrMetallicRoughness": {
                "baseColorTexture": {
                    "index": 0
                },
                "metallicFactor": 0.0,
                "roughnessFactor": 0.5
            },
            "doubleSided": true
        },
        {
            "name": "Material_004",
            "pbrMetallicRoughness": {
                "baseColorTexture": {
                    "index": 1
                },
                "metallicFactor": 0.0,
                "roughnessFactor": 0.5
            },
            "doubleSided": true
        }
    ],
    "meshes": [
        {
            "name": "meshes[0]",
            "primitives": [
                {
                    "mode": 4,
                    "material": 0,
                    "indices": 3,
                    "attributes": {
                        "POSITION": 0,
                        "NORMAL": 1,
                        "TEXCOORD_0": 2,
                        "JOINTS_0": 4,
                        "WEIGHTS_0": 5
                    }
                }
            ]
        },
        {
            "name": "meshes[1]",
            "primitives": [
                {
                    "mode": 4,
                    "material": 0,
                    "indices": 9,
                    "attributes": {
                        "POSITION": 6,
                        "NORMAL": 7,
                        "TEXCOORD_0": 8,
                        "JOINTS_0": 10,
                        "WEIGHTS_0": 11
                    }
                }
            ]
        },
        {
            "name": "meshes[2]",
            "primitives": [
                {
                    "mode": 4,
                    "material": 1,
                    "indices": 15,
                    "attributes": {
                        "POSITION": 12,
                        "NORMAL": 13,
                        "TEXCOORD_0": 14,
                        "JOINTS_0": 16,
                        "WEIGHTS_0": 17
                    }
                }
            ]
        },
        {
            "name": "meshes[3]",
            "primitives": [
                {
                    "mode": 4,
                    "material": 2,
                    "indices": 21,
                    "attributes": {
                        "POSITION": 18,
                        "NORMAL": 19,
                        "TEXCOORD_0": 20,
                        "JOINTS_0": 22,
                        "WEIGHTS_0": 23
                    }
                }
            ]
        }
    ],
    "nodes": [
        {
            "name": "david",
            "children": [
                1,
                69,
                70
            ]
        },
        {
            "name": "Armature",
            "matrix": [
                0.009999999776482582,
                0.0,
                0.0,
                0.0,
                0.0,
                -1.3435885737322906e-9,
                0.010000000707805157,
                0.0,
                0.0,
                -0.010000000707805157,
                -1.3435885737322906e-9,
                0.0,
                0.0,
                0.0,
                0.0,
                1.0
            ],
            "children": [
                2,
                67,
                68
            ],
            "extras": {
                "name": "Armature"
            }
        },
        {
            "name": "mixamorigHips",
            "matrix": [
                1.0,
                0.0,
                0.0,
                0.0,
                0.0,
                3.4228538225988814e-8,
                -0.9999998211860657,
                0.0,
                0.0,
                0.9999999403953552,
                3.422854177870249e-8,
                0.0,
                0.0,
                0.2949167788028717,
                -7.215137958526611,
                1.0
            ],
            "children": [
                3,
                57,
                62
            ],
            "extras": {
                "name": "mixamorig:Hips"
            }
        },
        {
            "name": "mixamorigSpine",
            "matrix": [
                1.0,
                0.0,
                0.0,
                0.0,
                0.0,
                0.9991779327392578,
                -0.040545810014009476,
                0.0,
                0.0,
                0.04054580256342888,
                0.9991778135299683,
                0.0,
                0.0,
                0.7861199378967285,
                -0.031900160014629364,
                1.0
            ],
            "children": [
                4
            ],
            "extras": {
                "name": "mixamorig:Spine"
            }
        },
        {
            "name": "mixamorigSpine1",
            "matrix": [
                1.0,
                0.0,
                0.0,
                0.0,
                0.0,
                1.0,
                -1.1548399925231934e-7,
                0.0,
                0.0,
                1.1548399925231934e-7,
                1.0,
                0.0,
                0.0,
                0.9178948998451233,
                1.4901161193847656e-8,
                1.0
            ],
            "children": [
                5
            ],
            "extras": {
                "name": "mixamorig:Spine1"
            }
        },
        {
            "name": "mixamorigSpine2",
            "matrix": [
                1.0,
                0.0,
                0.0,
                0.0,
                0.0,
                1.0,
                5.774199962615967e-8,
                0.0,
                0.0,
                -5.774199962615967e-8,
                1.0,
                0.0,
                0.0,
                1.0490211248397827,
                4.470348358154297e-8,
                1.0
            ],
            "children": [
                6,
                9,
                33
            ],
            "extras": {
                "name": "mixamorig:Spine2"
            }
        },
        {
            "name": "mixamorigNeck",
            "matrix": [
                1.0,
                0.0,
                0.0,
                0.0,
                0.0,
                0.9991776347160339,
                0.04054585099220276,
                0.0,
                0.0,
                -0.04054585099220276,
                0.9991776347160339,
                0.0,
                0.0,
                1.180149793624878,
                -1.4901161193847656e-8,
                1.0
            ],
            "children": [
                7
            ],
            "extras": {
                "name": "mixamorig:Neck"
            }
        },
        {
            "name": "mixamorigHead",
            "matrix": [
                1.0,
                0.0,
                0.0,
                0.0,
                0.0,
                1.0,
                -3.552713678800501e-15,
                0.0,
                0.0,
                3.552713678800501e-15,
                1.0,
                0.0,
                0.0,
                0.7280006408691406,
                0.21517179906368256,
                1.0
            ],
            "children": [
                8
            ],
            "extras": {
                "name": "mixamorig:Head"
            }
        },
        {
            "name": "mixamorigHeadTop_End",
            "matrix": [
                1.0,
                0.0,
                0.0,
                0.0,
                0.0,
                1.0,
                -3.552713678800501e-15,
                0.0,
                0.0,
                3.552713678800501e-15,
                1.0,
                0.0,
                0.0,
                2.2328433990478516,
                0.6599507927894592,
                1.0
            ],
            "extras": {
                "name": "mixamorig:HeadTop_End"
            }
        },
        {
            "name": "mixamorigLeftShoulder",
            "matrix": [
                -0.018041616305708885,
                -0.00012773380149155855,
                -0.9998372197151184,
                0.0,
                0.9361453652381897,
                -0.3512093126773834,
                -0.01684747263789177,
                0.0,
                -0.35114994645118713,
                -0.936296820640564,
                0.006455983500927687,
                0.0,
                0.5018109679222107,
                0.9900933504104614,
                -0.009181201457977295,
                1.0
            ],
            "children": [
                10
            ],
            "extras": {
                "name": "mixamorig:LeftShoulder"
            }
        },
        {
            "name": "mixamorigLeftArm",
            "matrix": [
                0.9959791302680969,
                7.470326579550601e-8,
                0.08958576619625092,
                0.0,
                -0.04435255378484726,
                0.8688450455665588,
                0.4930934011936188,
                0.0,
                -0.07783611118793488,
                -0.49508407711982727,
                0.8653515577316284,
                0.0,
                -5.587935447692871e-9,
                1.1317850351333618,
                0.0000013243407011032104,
                1.0
            ],
            "children": [
                11
            ],
            "extras": {
                "name": "mixamorig:LeftArm"
            }
        },
        {
            "name": "mixamorigLeftForeArm",
            "matrix": [
                0.8189123272895813,
                0.5739119648933411,
                0.002757688518613577,
                0.0,
                -0.5739086866378784,
                0.818916916847229,
                -0.0019323785090819001,
                0.0,
                -0.0033673332072794437,
                -2.126624707443625e-7,
                0.9999942779541016,
                0.0,
                -1.043081283569336e-7,
                1.6071560382843018,
                -9.238719940185547e-7,
                1.0
            ],
            "children": [
                12
            ],
            "extras": {
                "name": "mixamorig:LeftForeArm"
            }
        },
        {
            "name": "mixamorigLeftHand",
            "matrix": [
                0.985954225063324,
                0.1359410434961319,
                -0.09702720493078232,
                0.0,
                -0.12236903607845306,
                0.983359158039093,
                0.1342778205871582,
                0.0,
                0.11366643756628036,
                -0.12051863968372345,
                0.9861819744110107,
                0.0,
                0.0,
                1.756221055984497,
                3.725290298461914e-7,
                1.0
            ],
            "children": [
                13,
                17,
                21,
                25,
                29
            ],
            "extras": {
                "name": "mixamorig:LeftHand"
            }
        },
        {
            "name": "mixamorigLeftHandThumb1",
            "matrix": [
                0.8337976932525635,
                0.5520699620246887,
                -0.0000012710094097201363,
                0.0,
                -0.5408979058265686,
                0.8169249296188354,
                0.20015718042850494,
                0.0,
                0.11050181835889816,
                -0.16688993573188782,
                0.9797637462615967,
                0.0,
                -0.1979008913040161,
                0.34529316425323486,
                0.08113683760166168,
                1.0
            ],
            "children": [
                14
            ],
            "extras": {
                "name": "mixamorig:LeftHandThumb1"
            }
        },
        {
            "name": "mixamorigLeftHandThumb2",
            "matrix": [
                1.0,
                -3.943555100249796e-7,
                6.305825763774919e-7,
                0.0,
                2.314932885383314e-7,
                0.9707739353179932,
                0.23999512195587158,
                0.0,
                -7.067966407703352e-7,
                -0.23999515175819397,
                0.9707740545272827,
                0.0,
                0.020494282245635986,
                0.3242897689342499,
                -5.364418029785156e-7,
                1.0
            ],
            "children": [
                15
            ],
            "extras": {
                "name": "mixamorig:LeftHandThumb2"
            }
        },
        {
            "name": "mixamorigLeftHandThumb3",
            "matrix": [
                1.0,
                4.870595944339584e-7,
                -4.991293280909304e-7,
                0.0,
                -4.0701007719690097e-7,
                0.9887732863426208,
                0.14942306280136108,
                0.0,
                5.663036972691771e-7,
                -0.14942307770252228,
                0.9887733459472656,
                0.0,
                -0.014305293560028076,
                0.28738921880722046,
                -3.5762786865234375e-7,
                1.0
            ],
            "children": [
                16
            ],
            "extras": {
                "name": "mixamorig:LeftHandThumb3"
            }
        },
        {
            "name": "mixamorigLeftHandThumb4",
            "matrix": [
                1.0,
                -1.5543122344752192e-15,
                2.086162567138672e-7,
                0.0,
                -1.5543122344752192e-15,
                1.0,
                1.4901161193847656e-8,
                0.0,
                -2.086162567138672e-7,
                -1.4901161193847656e-8,
                1.0,
                0.0,
                -0.006187498569488525,
                0.2467113733291626,
                8.344650268554688e-7,
                1.0
            ],
            "extras": {
                "name": "mixamorig:LeftHandThumb4"
            }
        },
        {
            "name": "mixamorigLeftHandIndex1",
            "matrix": [
                0.9823946952819824,
                0.1868172436952591,
                -0.0000014939861330276472,
                0.0,
                -0.18580465018749237,
                0.977070689201355,
                0.10396741330623627,
                0.0,
                0.01942436397075653,
                -0.1021367609500885,
                0.9945805668830872,
                0.0,
                -0.2552342414855957,
                0.9957609176635742,
                -0.0013995692133903503,
                1.0
            ],
            "children": [
                18
            ],
            "extras": {
                "name": "mixamorig:LeftHandIndex1"
            }
        },
        {
            "name": "mixamorigLeftHandIndex2",
            "matrix": [
                1.0,
                3.3305095570312915e-8,
                -5.565044602917624e-7,
                0.0,
                1.117690189289533e-7,
                0.9659705758094788,
                0.25865158438682556,
                0.0,
                5.461814112095453e-7,
                -0.25865161418914795,
                0.9659706354141235,
                0.0,
                0.001870274543762207,
                0.22918188571929932,
                2.086162567138672e-7,
                1.0
            ],
            "children": [
                19
            ],
            "extras": {
                "name": "mixamorig:LeftHandIndex2"
            }
        },
        {
            "name": "mixamorigLeftHandIndex3",
            "matrix": [
                1.0,
                -5.413846224655572e-7,
                4.1126659766632656e-7,
                0.0,
                5.836530476699409e-7,
                0.993831992149353,
                -0.11089583486318588,
                0.0,
                -3.486926232199039e-7,
                0.11089584231376648,
                0.9938320517539978,
                0.0,
                -0.0017181634902954102,
                0.22146311402320862,
                -8.940696716308594e-7,
                1.0
            ],
            "children": [
                20
            ],
            "extras": {
                "name": "mixamorig:LeftHandIndex3"
            }
        },
        {
            "name": "mixamorigLeftHandIndex4",
            "matrix": [
                1.0,
                -5.401671643312511e-8,
                7.450580596923828e-8,
                0.0,
                5.4016709327697754e-8,
                0.9999998807907104,
                -3.72528741188205e-9,
                0.0,
                -7.450580596923828e-8,
                3.7252920748187535e-9,
                1.0,
                0.0,
                -0.00015211105346679688,
                0.1836909055709839,
                -5.960464477539063e-8,
                1.0
            ],
            "extras": {
                "name": "mixamorig:LeftHandIndex4"
            }
        },
        {
            "name": "mixamorigLeftHandMiddle1",
            "matrix": [
                0.9977304935455322,
                -0.06733345240354538,
                -0.0000017730477566146874,
                0.0,
                0.06712799519300461,
                0.9946840405464172,
                0.07808469980955124,
                0.0,
                -0.005255948752164841,
                -0.07790760695934296,
                0.9969466924667358,
                0.0,
                -0.06965923309326172,
                1.0073322057724,
                -0.010171972215175629,
                1.0
            ],
            "children": [
                22
            ],
            "extras": {
                "name": "mixamorig:LeftHandMiddle1"
            }
        },
        {
            "name": "mixamorigLeftHandMiddle2",
            "matrix": [
                1.0,
                4.2807710087799933e-7,
                -7.527226557613176e-7,
                0.0,
                -2.57376257195574e-7,
                0.9769108295440674,
                0.21364697813987732,
                0.0,
                8.268003739431151e-7,
                -0.2136470079421997,
                0.9769109487533569,
                0.0,
                -0.00009572505950927734,
                0.2529337406158447,
                -0.000001564621925354004,
                1.0
            ],
            "children": [
                23
            ],
            "extras": {
                "name": "mixamorig:LeftHandMiddle2"
            }
        },
        {
            "name": "mixamorigLeftHandMiddle3",
            "matrix": [
                1.0,
                4.855652377955266e-7,
                0.0000012072225672454806,
                0.0,
                -3.563503412351565e-7,
                0.9944911599159241,
                -0.10481912642717361,
                0.0,
                -0.0000012514686886788695,
                0.10481912642717361,
                0.9944911599159241,
                0.0,
                0.00005555152893066406,
                0.24213075637817383,
                2.980232238769531e-7,
                1.0
            ],
            "children": [
                24
            ],
            "extras": {
                "name": "mixamorig:LeftHandMiddle3"
            }
        },
        {
            "name": "mixamorigLeftHandMiddle4",
            "matrix": [
                1.0,
                9.31322503561205e-8,
                -2.4586915969848633e-7,
                0.0,
                -9.313225746154785e-8,
                0.9999999403953552,
                -3.7252888773764425e-8,
                0.0,
                2.4586915969848633e-7,
                3.725291364276018e-8,
                1.0,
                0.0,
                0.00004017353057861328,
                0.21889662742614746,
                3.5762786865234375e-7,
                1.0
            ],
            "extras": {
                "name": "mixamorig:LeftHandMiddle4"
            }
        },
        {
            "name": "mixamorigLeftHandRing1",
            "matrix": [
                0.9729110598564148,
                -0.23117975890636444,
                -0.0000017104366634157486,
                0.0,
                0.2296232432126999,
                0.9663596153259277,
                0.11585346609354019,
                0.0,
                -0.026781326159834862,
                -0.11271551251411438,
                0.993266224861145,
                0.0,
                0.09434938430786133,
                1.0137301683425903,
                -0.02611355483531952,
                1.0
            ],
            "children": [
                26
            ],
            "extras": {
                "name": "mixamorig:LeftHandRing1"
            }
        },
        {
            "name": "mixamorigLeftHandRing2",
            "matrix": [
                1.0,
                7.81943413130648e-7,
                4.2626976437531994e-7,
                0.0,
                -8.497337944390893e-7,
                0.9810380339622498,
                0.19381529092788696,
                0.0,
                -2.666342311385961e-7,
                -0.19381524622440338,
                0.9810377955436707,
                0.0,
                -0.0013447999954223633,
                0.23134171962738037,
                7.450580596923828e-8,
                1.0
            ],
            "children": [
                27
            ],
            "extras": {
                "name": "mixamorig:LeftHandRing2"
            }
        },
        {
            "name": "mixamorigLeftHandRing3",
            "matrix": [
                1.0,
                -3.7988968415447744e-7,
                -0.0000026266559416399105,
                0.0,
                4.322236577536387e-7,
                0.9998009204864502,
                0.019952969625592232,
                0.0,
                0.00000261855302596814,
                -0.019952967762947083,
                0.9998008608818054,
                0.0,
                0.0006160736083984375,
                0.21648776531219482,
                6.854534149169922e-7,
                1.0
            ],
            "children": [
                28
            ],
            "extras": {
                "name": "mixamorig:LeftHandRing3"
            }
        },
        {
            "name": "mixamorigLeftHandRing4",
            "matrix": [
                1.0,
                -3.3527619791584584e-8,
                2.5331974029541016e-7,
                0.0,
                3.352760558072987e-8,
                0.9999999403953552,
                4.842877743271856e-8,
                0.0,
                -2.533197118737007e-7,
                -4.8428770327291204e-8,
                0.9999999403953552,
                0.0,
                0.0007290840148925781,
                0.192010760307312,
                -0.0000011324882507324219,
                1.0
            ],
            "extras": {
                "name": "mixamorig:LeftHandRing4"
            }
        },
        {
            "name": "mixamorigLeftHandPinky1",
            "matrix": [
                0.9285876750946045,
                -0.3711131513118744,
                -0.0000021112643935339293,
                0.0,
                0.36955103278160095,
                0.9246784448623657,
                0.09166011214256287,
                0.0,
                -0.034014321863651276,
                -0.0851152315735817,
                0.9957902431488037,
                0.0,
                0.23054230213165283,
                0.9355806112289429,
                0.00707322359085083,
                1.0
            ],
            "children": [
                30
            ],
            "extras": {
                "name": "mixamorig:LeftHandPinky1"
            }
        },
        {
            "name": "mixamorigLeftHandPinky2",
            "matrix": [
                0.9999999403953552,
                -0.000001885886945274251,
                0.0000032049586025095778,
                0.0,
                6.324091827991651e-7,
                0.935553789138794,
                0.3531838655471802,
                0.0,
                -0.0000036644767078541918,
                -0.35318392515182495,
                0.9355539083480835,
                0.0,
                -0.0022753477096557617,
                0.18176758289337158,
                -1.4901161193847656e-7,
                1.0
            ],
            "children": [
                31
            ],
            "extras": {
                "name": "mixamorig:LeftHandPinky2"
            }
        },
        {
            "name": "mixamorigLeftHandPinky3",
            "matrix": [
                1.0,
